(kicad_pcb (version 20171130) (host pcbnew "(5.0.0)")

  (general
    (thickness 1.6)
    (drawings 18)
    (tracks 318)
    (zones 0)
    (modules 37)
    (nets 38)
  )

  (page A4)
  (title_block
    (comment 1 https://www.hammfg.com/files/parts/pdf/1590B.pdf)
  )

  (layers
    (0 F.Cu signal)
    (31 B.Cu signal)
    (32 B.Adhes user)
    (33 F.Adhes user)
    (34 B.Paste user)
    (35 F.Paste user)
    (36 B.SilkS user)
    (37 F.SilkS user)
    (38 B.Mask user)
    (39 F.Mask user)
    (40 Dwgs.User user)
    (41 Cmts.User user)
    (42 Eco1.User user)
    (43 Eco2.User user)
    (44 Edge.Cuts user)
    (45 Margin user)
    (46 B.CrtYd user hide)
    (47 F.CrtYd user hide)
    (48 B.Fab user hide)
    (49 F.Fab user hide)
  )

  (setup
    (last_trace_width 0.5)
    (user_trace_width 0.5)
    (user_trace_width 0.75)
    (trace_clearance 0.2)
    (zone_clearance 0.508)
    (zone_45_only no)
    (trace_min 0.2)
    (segment_width 0.2)
    (edge_width 0.2)
    (via_size 0.8)
    (via_drill 0.4)
    (via_min_size 0.4)
    (via_min_drill 0.3)
    (uvia_size 0.3)
    (uvia_drill 0.1)
    (uvias_allowed no)
    (uvia_min_size 0.2)
    (uvia_min_drill 0.1)
    (pcb_text_width 0.3)
    (pcb_text_size 1.5 1.5)
    (mod_edge_width 0.15)
    (mod_text_size 0.5 0.5)
    (mod_text_width 0.125)
    (pad_size 1.15 1.4)
    (pad_drill 0)
    (pad_to_mask_clearance 0.2)
    (aux_axis_origin 0 0)
    (visible_elements 7FFFFFFF)
    (pcbplotparams
      (layerselection 0x010fc_ffffffff)
      (usegerberextensions false)
      (usegerberattributes false)
      (usegerberadvancedattributes false)
      (creategerberjobfile false)
      (excludeedgelayer true)
      (linewidth 0.100000)
      (plotframeref false)
      (viasonmask false)
      (mode 1)
      (useauxorigin false)
      (hpglpennumber 1)
      (hpglpenspeed 20)
      (hpglpendiameter 15.000000)
      (psnegative false)
      (psa4output false)
      (plotreference true)
      (plotvalue true)
      (plotinvisibletext false)
      (padsonsilk false)
      (subtractmaskfromsilk false)
      (outputformat 1)
      (mirror false)
      (drillshape 1)
      (scaleselection 1)
      (outputdirectory ""))
  )

  (net 0 "")
  (net 1 -9V)
  (net 2 /3PDT_8_EXT)
  (net 3 +5V)
  (net 4 -5V)
  (net 5 +9V)
  (net 6 "Net-(C_OSC1-Pad1)")
  (net 7 /3PDT_2_EXT)
  (net 8 /3PDT_4_EXT)
  (net 9 /3PDT_3_EXT)
  (net 10 /3PDT_5_EXT)
  (net 11 /3PDT_6_EXT)
  (net 12 "Net-(P_DEPTH1-Pad2)")
  (net 13 "Net-(P_DEPTH1-Pad1)")
  (net 14 "Net-(P_VOL1-Pad1)")
  (net 15 "Net-(R1-Pad1)")
  (net 16 "Net-(R3-Pad1)")
  (net 17 "Net-(R4-Pad1)")
  (net 18 "Net-(R_LPF1-Pad2)")
  (net 19 "Net-(C_LPFOPT1-Pad1)")
  (net 20 "Net-(CP_LPF1-Pad1)")
  (net 21 "Net-(CP_INV1-Pad2)")
  (net 22 "Net-(CP_INV1-Pad1)")
  (net 23 "Net-(C_OSC2-Pad1)")
  (net 24 /555PWMTremolo_3PDT/3PDT_9_INT)
  (net 25 /555PWMTremolo_3PDT/3PDT_8_INT)
  (net 26 /555PWMTremolo_3PDT/3PDT_7_INT)
  (net 27 /555PWMTremolo_3PDT/3PDT_6_INT)
  (net 28 /555PWMTremolo_3PDT/3PDT_5_INT)
  (net 29 /555PWMTremolo_3PDT/3PDT_4_INT)
  (net 30 /555PWMTremolo_3PDT/3PDT_3_INT)
  (net 31 /555PWMTremolo_3PDT/3PDT_2_INT)
  (net 32 /555PWMTremolo_3PDT/3PDT_1_INT)
  (net 33 /555PWMTremolo_Clock/CLK_OUT)
  (net 34 "Net-(P_OSCOFF1-Pad1)")
  (net 35 "Net-(P_OSCOFF1-Pad3)")
  (net 36 "Net-(P_OSCON1-Pad1)")
  (net 37 /GND)

  (net_class Default "This is the default net class."
    (clearance 0.2)
    (trace_width 0.25)
    (via_dia 0.8)
    (via_drill 0.4)
    (uvia_dia 0.3)
    (uvia_drill 0.1)
    (add_net +5V)
    (add_net +9V)
    (add_net -5V)
    (add_net -9V)
    (add_net /3PDT_2_EXT)
    (add_net /3PDT_3_EXT)
    (add_net /3PDT_4_EXT)
    (add_net /3PDT_5_EXT)
    (add_net /3PDT_6_EXT)
    (add_net /3PDT_8_EXT)
    (add_net /555PWMTremolo_3PDT/3PDT_1_INT)
    (add_net /555PWMTremolo_3PDT/3PDT_2_INT)
    (add_net /555PWMTremolo_3PDT/3PDT_3_INT)
    (add_net /555PWMTremolo_3PDT/3PDT_4_INT)
    (add_net /555PWMTremolo_3PDT/3PDT_5_INT)
    (add_net /555PWMTremolo_3PDT/3PDT_6_INT)
    (add_net /555PWMTremolo_3PDT/3PDT_7_INT)
    (add_net /555PWMTremolo_3PDT/3PDT_8_INT)
    (add_net /555PWMTremolo_3PDT/3PDT_9_INT)
    (add_net /555PWMTremolo_Clock/CLK_OUT)
    (add_net /GND)
    (add_net "Net-(CP_INV1-Pad1)")
    (add_net "Net-(CP_INV1-Pad2)")
    (add_net "Net-(CP_LPF1-Pad1)")
    (add_net "Net-(C_LPFOPT1-Pad1)")
    (add_net "Net-(C_OSC1-Pad1)")
    (add_net "Net-(C_OSC2-Pad1)")
    (add_net "Net-(P_DEPTH1-Pad1)")
    (add_net "Net-(P_DEPTH1-Pad2)")
    (add_net "Net-(P_OSCOFF1-Pad1)")
    (add_net "Net-(P_OSCOFF1-Pad3)")
    (add_net "Net-(P_OSCON1-Pad1)")
    (add_net "Net-(P_VOL1-Pad1)")
    (add_net "Net-(R1-Pad1)")
    (add_net "Net-(R3-Pad1)")
    (add_net "Net-(R4-Pad1)")
    (add_net "Net-(R_LPF1-Pad2)")
  )

  (module LED_THT:LED_D5.0mm (layer F.Cu) (tedit 5995936A) (tstamp 5C2A27A7)
    (at 80.645 96.52 270)
    (descr "LED, diameter 5.0mm, 2 pins, http://cdn-reichelt.de/documents/datenblatt/A500/LL-504BC2E-009.pdf")
    (tags "LED diameter 5.0mm 2 pins")
    (path /5BF54A3F/5BF61C9C)
    (fp_text reference D_LED1 (at -2.54 0) (layer F.SilkS)
      (effects (font (size 0.5 0.5) (thickness 0.125)))
    )
    (fp_text value LED (at 1.27 3.96 270) (layer F.Fab)
      (effects (font (size 0.5 0.5) (thickness 0.125)))
    )
    (fp_arc (start 1.27 0) (end -1.23 -1.469694) (angle 299.1) (layer F.Fab) (width 0.1))
    (fp_arc (start 1.27 0) (end -1.29 -1.54483) (angle 148.9) (layer F.SilkS) (width 0.12))
    (fp_arc (start 1.27 0) (end -1.29 1.54483) (angle -148.9) (layer F.SilkS) (width 0.12))
    (fp_circle (center 1.27 0) (end 3.77 0) (layer F.Fab) (width 0.1))
    (fp_circle (center 1.27 0) (end 3.77 0) (layer F.SilkS) (width 0.12))
    (fp_line (start -1.23 -1.469694) (end -1.23 1.469694) (layer F.Fab) (width 0.1))
    (fp_line (start -1.29 -1.545) (end -1.29 1.545) (layer F.SilkS) (width 0.12))
    (fp_line (start -1.95 -3.25) (end -1.95 3.25) (layer F.CrtYd) (width 0.05))
    (fp_line (start -1.95 3.25) (end 4.5 3.25) (layer F.CrtYd) (width 0.05))
    (fp_line (start 4.5 3.25) (end 4.5 -3.25) (layer F.CrtYd) (width 0.05))
    (fp_line (start 4.5 -3.25) (end -1.95 -3.25) (layer F.CrtYd) (width 0.05))
    (fp_text user %R (at 1.25 0 270) (layer F.Fab)
      (effects (font (size 0.5 0.5) (thickness 0.125)))
    )
    (pad 1 thru_hole rect (at 0 0 270) (size 1.8 1.8) (drill 0.9) (layers *.Cu *.Mask)
      (net 20 "Net-(CP_LPF1-Pad1)"))
    (pad 2 thru_hole circle (at 2.54 0 270) (size 1.8 1.8) (drill 0.9) (layers *.Cu *.Mask)
      (net 19 "Net-(C_LPFOPT1-Pad1)"))
    (model ${KISYS3DMOD}/LED_THT.3dshapes/LED_D5.0mm.wrl
      (at (xyz 0 0 0))
      (scale (xyz 1 1 1))
      (rotate (xyz 0 0 0))
    )
  )

  (module custom_sockets:6_35MM_JACK_MONO_FlatTop (layer B.Cu) (tedit 5BE3026B) (tstamp 5C2A26AC)
    (at 64.262 118.11 180)
    (path /5BE39EEA)
    (fp_text reference J_OUT1 (at 8.89 8.255 180) (layer B.SilkS)
      (effects (font (size 0.5 0.5) (thickness 0.125)) (justify mirror))
    )
    (fp_text value JACK__MONO_2P_NC (at 0 10.16 180) (layer B.Fab)
      (effects (font (size 0.5 0.5) (thickness 0.125)) (justify mirror))
    )
    (fp_line (start 10.795 -7.62) (end 10.795 7.62) (layer B.SilkS) (width 0.15))
    (fp_line (start 10.795 7.62) (end -10.795 7.62) (layer B.SilkS) (width 0.15))
    (fp_line (start -10.795 7.62) (end -10.795 -7.62) (layer B.SilkS) (width 0.15))
    (fp_line (start -10.795 -7.62) (end 10.795 -7.62) (layer B.SilkS) (width 0.15))
    (fp_line (start 10.795 -1.524) (end -10.795 -1.524) (layer Dwgs.User) (width 0.15))
    (fp_line (start 19.685 -7.112) (end -10.795 -7.112) (layer Dwgs.User) (width 0.15))
    (fp_line (start 19.685 4.064) (end -10.795 4.064) (layer Dwgs.User) (width 0.15))
    (fp_line (start 19.685 4.064) (end 19.685 -7.112) (layer Dwgs.User) (width 0.15))
    (pad 1 thru_hole circle (at -6.1595 5.715 180) (size 3 3) (drill 2) (layers *.Cu *.Mask)
      (net 10 /3PDT_5_EXT))
    (pad 2 thru_hole circle (at -6.1595 -5.715 180) (size 3 3) (drill 2) (layers *.Cu *.Mask)
      (net 37 /GND))
    (pad 3 thru_hole circle (at 6.5405 -5.715 180) (size 3 3) (drill 2) (layers *.Cu *.Mask)
      (net 37 /GND))
    (pad 4 thru_hole circle (at 6.5405 5.715 180) (size 3 3) (drill 2) (layers *.Cu *.Mask)
      (net 37 /GND))
    (pad "" np_thru_hole circle (at -2.9845 3.556 180) (size 3 3) (drill 3) (layers *.Cu *.Mask))
    (pad "" np_thru_hole circle (at 3.3655 5.715 180) (size 2 2) (drill 2) (layers *.Cu *.Mask))
    (pad "" np_thru_hole circle (at 3.3655 -5.715 180) (size 2 2) (drill 2) (layers *.Cu *.Mask))
    (model ${KIPRJMOD}/LIBS/3D/3D+File+NRJ4HF.stp
      (offset (xyz 10.75 -1.5 0))
      (scale (xyz 1 1 1))
      (rotate (xyz 90 180 90))
    )
  )

  (module Package_TO_SOT_SMD:SOT-223-3_TabPin2 (layer F.Cu) (tedit 5A02FF57) (tstamp 5C2A2C4F)
    (at 81.7245 141.351)
    (descr "module CMS SOT223 4 pins")
    (tags "CMS SOT")
    (path /5BE2DBE2)
    (attr smd)
    (fp_text reference U_NREG1 (at 7.9375 0.381 90) (layer F.SilkS)
      (effects (font (size 0.5 0.5) (thickness 0.125)))
    )
    (fp_text value LM337_SOT223 (at 0 4.5) (layer F.Fab)
      (effects (font (size 0.5 0.5) (thickness 0.125)))
    )
    (fp_line (start 1.85 -3.35) (end 1.85 3.35) (layer F.Fab) (width 0.1))
    (fp_line (start -1.85 3.35) (end 1.85 3.35) (layer F.Fab) (width 0.1))
    (fp_line (start -4.1 -3.41) (end 1.91 -3.41) (layer F.SilkS) (width 0.12))
    (fp_line (start -0.85 -3.35) (end 1.85 -3.35) (layer F.Fab) (width 0.1))
    (fp_line (start -1.85 3.41) (end 1.91 3.41) (layer F.SilkS) (width 0.12))
    (fp_line (start -1.85 -2.35) (end -1.85 3.35) (layer F.Fab) (width 0.1))
    (fp_line (start -1.85 -2.35) (end -0.85 -3.35) (layer F.Fab) (width 0.1))
    (fp_line (start -4.4 -3.6) (end -4.4 3.6) (layer F.CrtYd) (width 0.05))
    (fp_line (start -4.4 3.6) (end 4.4 3.6) (layer F.CrtYd) (width 0.05))
    (fp_line (start 4.4 3.6) (end 4.4 -3.6) (layer F.CrtYd) (width 0.05))
    (fp_line (start 4.4 -3.6) (end -4.4 -3.6) (layer F.CrtYd) (width 0.05))
    (fp_line (start 1.91 -3.41) (end 1.91 -2.15) (layer F.SilkS) (width 0.12))
    (fp_line (start 1.91 3.41) (end 1.91 2.15) (layer F.SilkS) (width 0.12))
    (fp_text user %R (at 0 0 90) (layer F.Fab)
      (effects (font (size 0.5 0.5) (thickness 0.125)))
    )
    (pad 1 smd rect (at -3.15 -2.3) (size 2 1.5) (layers F.Cu F.Paste F.Mask)
      (net 16 "Net-(R3-Pad1)"))
    (pad 3 smd rect (at -3.15 2.3) (size 2 1.5) (layers F.Cu F.Paste F.Mask)
      (net 4 -5V))
    (pad 2 smd rect (at -3.15 0) (size 2 1.5) (layers F.Cu F.Paste F.Mask)
      (net 1 -9V))
    (pad 2 smd rect (at 3.15 0) (size 2 3.8) (layers F.Cu F.Paste F.Mask)
      (net 1 -9V))
    (model ${KISYS3DMOD}/Package_TO_SOT_SMD.3dshapes/SOT-223.wrl
      (at (xyz 0 0 0))
      (scale (xyz 1 1 1))
      (rotate (xyz 0 0 0))
    )
  )

  (module Capacitor_SMD:C_0805_2012Metric_Pad1.15x1.40mm_HandSolder (layer B.Cu) (tedit 5B36C52B) (tstamp 5BF13C08)
    (at 72.009 88.138)
    (descr "Capacitor SMD 0805 (2012 Metric), square (rectangular) end terminal, IPC_7351 nominal with elongated pad for handsoldering. (Body size source: https://docs.google.com/spreadsheets/d/1BsfQQcO9C6DZCsRaXUlFlo91Tg2WpOkGARC1WS5S8t0/edit?usp=sharing), generated with kicad-footprint-generator")
    (tags "capacitor handsolder")
    (path /5BF54A3F/5BEBE4C2)
    (attr smd)
    (fp_text reference C_BP1 (at -2.803283 0.093239 -270) (layer B.SilkS)
      (effects (font (size 0.5 0.5) (thickness 0.125)) (justify mirror))
    )
    (fp_text value 100nF (at 0 -1.65) (layer B.Fab)
      (effects (font (size 0.5 0.5) (thickness 0.125)) (justify mirror))
    )
    (fp_line (start -1 -0.6) (end -1 0.6) (layer B.Fab) (width 0.1))
    (fp_line (start -1 0.6) (end 1 0.6) (layer B.Fab) (width 0.1))
    (fp_line (start 1 0.6) (end 1 -0.6) (layer B.Fab) (width 0.1))
    (fp_line (start 1 -0.6) (end -1 -0.6) (layer B.Fab) (width 0.1))
    (fp_line (start -0.261252 0.71) (end 0.261252 0.71) (layer B.SilkS) (width 0.12))
    (fp_line (start -0.261252 -0.71) (end 0.261252 -0.71) (layer B.SilkS) (width 0.12))
    (fp_line (start -1.85 -0.95) (end -1.85 0.95) (layer B.CrtYd) (width 0.05))
    (fp_line (start -1.85 0.95) (end 1.85 0.95) (layer B.CrtYd) (width 0.05))
    (fp_line (start 1.85 0.95) (end 1.85 -0.95) (layer B.CrtYd) (width 0.05))
    (fp_line (start 1.85 -0.95) (end -1.85 -0.95) (layer B.CrtYd) (width 0.05))
    (fp_text user %R (at 0 0) (layer B.Fab)
      (effects (font (size 0.5 0.5) (thickness 0.125)) (justify mirror))
    )
    (pad 1 smd roundrect (at -1.025 0) (size 1.15 1.4) (layers B.Cu B.Paste B.Mask) (roundrect_rratio 0.217391)
      (net 2 /3PDT_8_EXT))
    (pad 2 smd roundrect (at 1.025 0) (size 1.15 1.4) (layers B.Cu B.Paste B.Mask) (roundrect_rratio 0.217391)
      (net 37 /GND))
    (model ${KISYS3DMOD}/Capacitor_SMD.3dshapes/C_0805_2012Metric.wrl
      (at (xyz 0 0 0))
      (scale (xyz 1 1 1))
      (rotate (xyz 0 0 0))
    )
  )

  (module Capacitor_SMD:C_0805_2012Metric_Pad1.15x1.40mm_HandSolder (layer B.Cu) (tedit 5B36C52B) (tstamp 5BE52E3F)
    (at 94.107 137.16 90)
    (descr "Capacitor SMD 0805 (2012 Metric), square (rectangular) end terminal, IPC_7351 nominal with elongated pad for handsoldering. (Body size source: https://docs.google.com/spreadsheets/d/1BsfQQcO9C6DZCsRaXUlFlo91Tg2WpOkGARC1WS5S8t0/edit?usp=sharing), generated with kicad-footprint-generator")
    (tags "capacitor handsolder")
    (path /5BED3C35)
    (attr smd)
    (fp_text reference C_BP3 (at -3.81 -0.127 90) (layer B.SilkS)
      (effects (font (size 0.5 0.5) (thickness 0.125)) (justify mirror))
    )
    (fp_text value 100nF (at 0 -1.65 90) (layer B.Fab)
      (effects (font (size 0.5 0.5) (thickness 0.125)) (justify mirror))
    )
    (fp_text user %R (at 0 0 90) (layer B.Fab)
      (effects (font (size 0.5 0.5) (thickness 0.125)) (justify mirror))
    )
    (fp_line (start 1.85 -0.95) (end -1.85 -0.95) (layer B.CrtYd) (width 0.05))
    (fp_line (start 1.85 0.95) (end 1.85 -0.95) (layer B.CrtYd) (width 0.05))
    (fp_line (start -1.85 0.95) (end 1.85 0.95) (layer B.CrtYd) (width 0.05))
    (fp_line (start -1.85 -0.95) (end -1.85 0.95) (layer B.CrtYd) (width 0.05))
    (fp_line (start -0.261252 -0.71) (end 0.261252 -0.71) (layer B.SilkS) (width 0.12))
    (fp_line (start -0.261252 0.71) (end 0.261252 0.71) (layer B.SilkS) (width 0.12))
    (fp_line (start 1 -0.6) (end -1 -0.6) (layer B.Fab) (width 0.1))
    (fp_line (start 1 0.6) (end 1 -0.6) (layer B.Fab) (width 0.1))
    (fp_line (start -1 0.6) (end 1 0.6) (layer B.Fab) (width 0.1))
    (fp_line (start -1 -0.6) (end -1 0.6) (layer B.Fab) (width 0.1))
    (pad 2 smd roundrect (at 1.025 0 90) (size 1.15 1.4) (layers B.Cu B.Paste B.Mask) (roundrect_rratio 0.217391)
      (net 3 +5V))
    (pad 1 smd roundrect (at -1.025 0 90) (size 1.15 1.4) (layers B.Cu B.Paste B.Mask) (roundrect_rratio 0.217391)
      (net 37 /GND))
    (model ${KISYS3DMOD}/Capacitor_SMD.3dshapes/C_0805_2012Metric.wrl
      (at (xyz 0 0 0))
      (scale (xyz 1 1 1))
      (rotate (xyz 0 0 0))
    )
  )

  (module Capacitor_SMD:C_0805_2012Metric_Pad1.15x1.40mm_HandSolder (layer B.Cu) (tedit 5B36C52B) (tstamp 5BE52E0F)
    (at 102.743 142.494 90)
    (descr "Capacitor SMD 0805 (2012 Metric), square (rectangular) end terminal, IPC_7351 nominal with elongated pad for handsoldering. (Body size source: https://docs.google.com/spreadsheets/d/1BsfQQcO9C6DZCsRaXUlFlo91Tg2WpOkGARC1WS5S8t0/edit?usp=sharing), generated with kicad-footprint-generator")
    (tags "capacitor handsolder")
    (path /5BED3C3D)
    (attr smd)
    (fp_text reference C_BP4 (at 0 1.65 90) (layer B.SilkS)
      (effects (font (size 0.5 0.5) (thickness 0.125)) (justify mirror))
    )
    (fp_text value 100nF (at 0 -1.65 90) (layer B.Fab)
      (effects (font (size 0.5 0.5) (thickness 0.125)) (justify mirror))
    )
    (fp_text user %R (at 0 0 90) (layer B.Fab)
      (effects (font (size 0.5 0.5) (thickness 0.125)) (justify mirror))
    )
    (fp_line (start 1.85 -0.95) (end -1.85 -0.95) (layer B.CrtYd) (width 0.05))
    (fp_line (start 1.85 0.95) (end 1.85 -0.95) (layer B.CrtYd) (width 0.05))
    (fp_line (start -1.85 0.95) (end 1.85 0.95) (layer B.CrtYd) (width 0.05))
    (fp_line (start -1.85 -0.95) (end -1.85 0.95) (layer B.CrtYd) (width 0.05))
    (fp_line (start -0.261252 -0.71) (end 0.261252 -0.71) (layer B.SilkS) (width 0.12))
    (fp_line (start -0.261252 0.71) (end 0.261252 0.71) (layer B.SilkS) (width 0.12))
    (fp_line (start 1 -0.6) (end -1 -0.6) (layer B.Fab) (width 0.1))
    (fp_line (start 1 0.6) (end 1 -0.6) (layer B.Fab) (width 0.1))
    (fp_line (start -1 0.6) (end 1 0.6) (layer B.Fab) (width 0.1))
    (fp_line (start -1 -0.6) (end -1 0.6) (layer B.Fab) (width 0.1))
    (pad 2 smd roundrect (at 1.025 0 90) (size 1.15 1.4) (layers B.Cu B.Paste B.Mask) (roundrect_rratio 0.217391)
      (net 37 /GND))
    (pad 1 smd roundrect (at -1.025 0 90) (size 1.15 1.4) (layers B.Cu B.Paste B.Mask) (roundrect_rratio 0.217391)
      (net 4 -5V))
    (model ${KISYS3DMOD}/Capacitor_SMD.3dshapes/C_0805_2012Metric.wrl
      (at (xyz 0 0 0))
      (scale (xyz 1 1 1))
      (rotate (xyz 0 0 0))
    )
  )

  (module Capacitor_SMD:C_0805_2012Metric_Pad1.15x1.40mm_HandSolder (layer F.Cu) (tedit 5B36C52B) (tstamp 5C2A2563)
    (at 74.93 133.731)
    (descr "Capacitor SMD 0805 (2012 Metric), square (rectangular) end terminal, IPC_7351 nominal with elongated pad for handsoldering. (Body size source: https://docs.google.com/spreadsheets/d/1BsfQQcO9C6DZCsRaXUlFlo91Tg2WpOkGARC1WS5S8t0/edit?usp=sharing), generated with kicad-footprint-generator")
    (tags "capacitor handsolder")
    (path /5BF220BE)
    (attr smd)
    (fp_text reference C_BP5 (at 0.254 1.524) (layer F.SilkS)
      (effects (font (size 0.5 0.5) (thickness 0.125)))
    )
    (fp_text value 100nF (at 0 1.65) (layer F.Fab)
      (effects (font (size 0.5 0.5) (thickness 0.125)))
    )
    (fp_line (start -1 0.6) (end -1 -0.6) (layer F.Fab) (width 0.1))
    (fp_line (start -1 -0.6) (end 1 -0.6) (layer F.Fab) (width 0.1))
    (fp_line (start 1 -0.6) (end 1 0.6) (layer F.Fab) (width 0.1))
    (fp_line (start 1 0.6) (end -1 0.6) (layer F.Fab) (width 0.1))
    (fp_line (start -0.261252 -0.71) (end 0.261252 -0.71) (layer F.SilkS) (width 0.12))
    (fp_line (start -0.261252 0.71) (end 0.261252 0.71) (layer F.SilkS) (width 0.12))
    (fp_line (start -1.85 0.95) (end -1.85 -0.95) (layer F.CrtYd) (width 0.05))
    (fp_line (start -1.85 -0.95) (end 1.85 -0.95) (layer F.CrtYd) (width 0.05))
    (fp_line (start 1.85 -0.95) (end 1.85 0.95) (layer F.CrtYd) (width 0.05))
    (fp_line (start 1.85 0.95) (end -1.85 0.95) (layer F.CrtYd) (width 0.05))
    (fp_text user %R (at 0 0) (layer F.Fab)
      (effects (font (size 0.5 0.5) (thickness 0.125)))
    )
    (pad 1 smd roundrect (at -1.025 0) (size 1.15 1.4) (layers F.Cu F.Paste F.Mask) (roundrect_rratio 0.217391)
      (net 37 /GND))
    (pad 2 smd roundrect (at 1.025 0) (size 1.15 1.4) (layers F.Cu F.Paste F.Mask) (roundrect_rratio 0.217391)
      (net 5 +9V))
    (model ${KISYS3DMOD}/Capacitor_SMD.3dshapes/C_0805_2012Metric.wrl
      (at (xyz 0 0 0))
      (scale (xyz 1 1 1))
      (rotate (xyz 0 0 0))
    )
  )

  (module Capacitor_SMD:C_0805_2012Metric_Pad1.15x1.40mm_HandSolder (layer B.Cu) (tedit 5B36C52B) (tstamp 5BF13C38)
    (at 72.009 90.043)
    (descr "Capacitor SMD 0805 (2012 Metric), square (rectangular) end terminal, IPC_7351 nominal with elongated pad for handsoldering. (Body size source: https://docs.google.com/spreadsheets/d/1BsfQQcO9C6DZCsRaXUlFlo91Tg2WpOkGARC1WS5S8t0/edit?usp=sharing), generated with kicad-footprint-generator")
    (tags "capacitor handsolder")
    (path /5BF54A3F/5BE6DE72)
    (attr smd)
    (fp_text reference C_OSC1 (at 3.175 0) (layer B.SilkS)
      (effects (font (size 0.5 0.5) (thickness 0.125)) (justify mirror))
    )
    (fp_text value 22uF (at 0 -1.65) (layer B.Fab)
      (effects (font (size 0.5 0.5) (thickness 0.125)) (justify mirror))
    )
    (fp_line (start -1 -0.6) (end -1 0.6) (layer B.Fab) (width 0.1))
    (fp_line (start -1 0.6) (end 1 0.6) (layer B.Fab) (width 0.1))
    (fp_line (start 1 0.6) (end 1 -0.6) (layer B.Fab) (width 0.1))
    (fp_line (start 1 -0.6) (end -1 -0.6) (layer B.Fab) (width 0.1))
    (fp_line (start -0.261252 0.71) (end 0.261252 0.71) (layer B.SilkS) (width 0.12))
    (fp_line (start -0.261252 -0.71) (end 0.261252 -0.71) (layer B.SilkS) (width 0.12))
    (fp_line (start -1.85 -0.95) (end -1.85 0.95) (layer B.CrtYd) (width 0.05))
    (fp_line (start -1.85 0.95) (end 1.85 0.95) (layer B.CrtYd) (width 0.05))
    (fp_line (start 1.85 0.95) (end 1.85 -0.95) (layer B.CrtYd) (width 0.05))
    (fp_line (start 1.85 -0.95) (end -1.85 -0.95) (layer B.CrtYd) (width 0.05))
    (fp_text user %R (at 0 0) (layer B.Fab)
      (effects (font (size 0.5 0.5) (thickness 0.125)) (justify mirror))
    )
    (pad 1 smd roundrect (at -1.025 0) (size 1.15 1.4) (layers B.Cu B.Paste B.Mask) (roundrect_rratio 0.217391)
      (net 6 "Net-(C_OSC1-Pad1)"))
    (pad 2 smd roundrect (at 1.025 0) (size 1.15 1.4) (layers B.Cu B.Paste B.Mask) (roundrect_rratio 0.217391)
      (net 37 /GND))
    (model ${KISYS3DMOD}/Capacitor_SMD.3dshapes/C_0805_2012Metric.wrl
      (at (xyz 0 0 0))
      (scale (xyz 1 1 1))
      (rotate (xyz 0 0 0))
    )
  )

  (module custom_sockets:6_35MM_JACK_MONO_FlatTop (layer B.Cu) (tedit 5BE3026B) (tstamp 5BE52DDB)
    (at 97.028 118.11)
    (path /5BE61397)
    (fp_text reference J_IN1 (at 9.525 -8.89) (layer B.SilkS)
      (effects (font (size 0.5 0.5) (thickness 0.125)) (justify mirror))
    )
    (fp_text value JACK__MONO_2P_NC (at 0 10.16) (layer B.Fab)
      (effects (font (size 0.5 0.5) (thickness 0.125)) (justify mirror))
    )
    (fp_line (start 19.685 4.064) (end 19.685 -7.112) (layer Dwgs.User) (width 0.15))
    (fp_line (start 19.685 4.064) (end -10.795 4.064) (layer Dwgs.User) (width 0.15))
    (fp_line (start 19.685 -7.112) (end -10.795 -7.112) (layer Dwgs.User) (width 0.15))
    (fp_line (start 10.795 -1.524) (end -10.795 -1.524) (layer Dwgs.User) (width 0.15))
    (fp_line (start -10.795 -7.62) (end 10.795 -7.62) (layer B.SilkS) (width 0.15))
    (fp_line (start -10.795 7.62) (end -10.795 -7.62) (layer B.SilkS) (width 0.15))
    (fp_line (start 10.795 7.62) (end -10.795 7.62) (layer B.SilkS) (width 0.15))
    (fp_line (start 10.795 -7.62) (end 10.795 7.62) (layer B.SilkS) (width 0.15))
    (pad "" np_thru_hole circle (at 3.3655 -5.715) (size 2 2) (drill 2) (layers *.Cu *.Mask))
    (pad "" np_thru_hole circle (at 3.3655 5.715) (size 2 2) (drill 2) (layers *.Cu *.Mask))
    (pad "" np_thru_hole circle (at -2.9845 3.556) (size 3 3) (drill 3) (layers *.Cu *.Mask))
    (pad 4 thru_hole circle (at 6.5405 5.715) (size 3 3) (drill 2) (layers *.Cu *.Mask)
      (net 37 /GND))
    (pad 3 thru_hole circle (at 6.5405 -5.715) (size 3 3) (drill 2) (layers *.Cu *.Mask)
      (net 37 /GND))
    (pad 2 thru_hole circle (at -6.1595 -5.715) (size 3 3) (drill 2) (layers *.Cu *.Mask)
      (net 37 /GND))
    (pad 1 thru_hole circle (at -6.1595 5.715) (size 3 3) (drill 2) (layers *.Cu *.Mask)
      (net 7 /3PDT_2_EXT))
    (model ${KIPRJMOD}/LIBS/3D/3D+File+NRJ4HF.stp
      (offset (xyz 10.75 -1.5 0))
      (scale (xyz 1 1 1))
      (rotate (xyz 90 180 90))
    )
  )

  (module Connector_BarrelJack:BarrelJack_Horizontal (layer B.Cu) (tedit 5A1DBF6A) (tstamp 5C2A2656)
    (at 67.31 132.715)
    (descr "DC Barrel Jack")
    (tags "Power Jack")
    (path /5BE7895A)
    (fp_text reference J_PWR1 (at -9.652 5.08) (layer B.SilkS)
      (effects (font (size 0.5 0.5) (thickness 0.125)) (justify mirror))
    )
    (fp_text value Jack-DC (at -6.2 5.5) (layer B.Fab)
      (effects (font (size 0.5 0.5) (thickness 0.125)) (justify mirror))
    )
    (fp_text user %R (at -3 2.95) (layer B.Fab)
      (effects (font (size 0.5 0.5) (thickness 0.125)) (justify mirror))
    )
    (fp_line (start -0.003213 4.505425) (end 0.8 3.75) (layer B.Fab) (width 0.1))
    (fp_line (start 1.1 3.75) (end 1.1 4.8) (layer B.SilkS) (width 0.12))
    (fp_line (start 0.05 4.8) (end 1.1 4.8) (layer B.SilkS) (width 0.12))
    (fp_line (start 1 4.5) (end 1 4.75) (layer B.CrtYd) (width 0.05))
    (fp_line (start 1 4.75) (end -14 4.75) (layer B.CrtYd) (width 0.05))
    (fp_line (start 1 4.5) (end 1 2) (layer B.CrtYd) (width 0.05))
    (fp_line (start 1 2) (end 2 2) (layer B.CrtYd) (width 0.05))
    (fp_line (start 2 2) (end 2 -2) (layer B.CrtYd) (width 0.05))
    (fp_line (start 2 -2) (end 1 -2) (layer B.CrtYd) (width 0.05))
    (fp_line (start 1 -2) (end 1 -4.75) (layer B.CrtYd) (width 0.05))
    (fp_line (start 1 -4.75) (end -1 -4.75) (layer B.CrtYd) (width 0.05))
    (fp_line (start -1 -4.75) (end -1 -6.75) (layer B.CrtYd) (width 0.05))
    (fp_line (start -1 -6.75) (end -5 -6.75) (layer B.CrtYd) (width 0.05))
    (fp_line (start -5 -6.75) (end -5 -4.75) (layer B.CrtYd) (width 0.05))
    (fp_line (start -5 -4.75) (end -14 -4.75) (layer B.CrtYd) (width 0.05))
    (fp_line (start -14 -4.75) (end -14 4.75) (layer B.CrtYd) (width 0.05))
    (fp_line (start -5 -4.6) (end -13.8 -4.6) (layer B.SilkS) (width 0.12))
    (fp_line (start -13.8 -4.6) (end -13.8 4.6) (layer B.SilkS) (width 0.12))
    (fp_line (start 0.9 -1.9) (end 0.9 -4.6) (layer B.SilkS) (width 0.12))
    (fp_line (start 0.9 -4.6) (end -1 -4.6) (layer B.SilkS) (width 0.12))
    (fp_line (start -13.8 4.6) (end 0.9 4.6) (layer B.SilkS) (width 0.12))
    (fp_line (start 0.9 4.6) (end 0.9 2) (layer B.SilkS) (width 0.12))
    (fp_line (start -10.2 4.5) (end -10.2 -4.5) (layer B.Fab) (width 0.1))
    (fp_line (start -13.7 4.5) (end -13.7 -4.5) (layer B.Fab) (width 0.1))
    (fp_line (start -13.7 -4.5) (end 0.8 -4.5) (layer B.Fab) (width 0.1))
    (fp_line (start 0.8 -4.5) (end 0.8 3.75) (layer B.Fab) (width 0.1))
    (fp_line (start 0 4.5) (end -13.7 4.5) (layer B.Fab) (width 0.1))
    (pad 1 thru_hole rect (at 0 0) (size 3.5 3.5) (drill oval 1 3) (layers *.Cu *.Mask)
      (net 5 +9V))
    (pad 2 thru_hole roundrect (at -6 0) (size 3 3.5) (drill oval 1 3) (layers *.Cu *.Mask) (roundrect_rratio 0.25)
      (net 37 /GND))
    (pad 3 thru_hole roundrect (at -3 -4.7) (size 3.5 3.5) (drill oval 3 1) (layers *.Cu *.Mask) (roundrect_rratio 0.25))
    (model ${KISYS3DMOD}/Connector_BarrelJack.3dshapes/BarrelJack_Horizontal.wrl
      (offset (xyz 4.5 0 0))
      (scale (xyz 1 1 1))
      (rotate (xyz 0 0 0))
    )
    (model ${KIPRJMOD}/LIBS/3D/dc-power-barrel-2mm-jack-pth-1.snapshot.3/AB2_PB_2MM_JACK_PTH.wrl
      (offset (xyz -13.5 0 0))
      (scale (xyz 0.4 0.4 0.4))
      (rotate (xyz 0 0 90))
    )
  )

  (module Potentiometer_THT:Potentiometer_Alps_RK09L_Single_Vertical (layer F.Cu) (tedit 5A3D4993) (tstamp 5C2A25FE)
    (at 97.79 83.82 90)
    (descr "Potentiometer, vertical, Alps RK09L Single, http://www.alps.com/prod/info/E/HTML/Potentiometer/RotaryPotentiometers/RK09L/RK09L_list.html")
    (tags "Potentiometer vertical Alps RK09L Single")
    (path /5BE21679)
    (fp_text reference P_DEPTH1 (at 11.811 -2.6035 180) (layer F.SilkS)
      (effects (font (size 0.5 0.5) (thickness 0.125)))
    )
    (fp_text value B50k (at 5.725 5.5 90) (layer F.Fab)
      (effects (font (size 0.5 0.5) (thickness 0.125)))
    )
    (fp_circle (center 7.5 -2.5) (end 10.5 -2.5) (layer F.Fab) (width 0.1))
    (fp_line (start 1 -8.55) (end 1 3.55) (layer F.Fab) (width 0.1))
    (fp_line (start 1 3.55) (end 12.35 3.55) (layer F.Fab) (width 0.1))
    (fp_line (start 12.35 3.55) (end 12.35 -8.55) (layer F.Fab) (width 0.1))
    (fp_line (start 12.35 -8.55) (end 1 -8.55) (layer F.Fab) (width 0.1))
    (fp_line (start 0.88 -8.67) (end 5.546 -8.67) (layer F.SilkS) (width 0.12))
    (fp_line (start 9.455 -8.67) (end 12.47 -8.67) (layer F.SilkS) (width 0.12))
    (fp_line (start 0.88 3.67) (end 5.546 3.67) (layer F.SilkS) (width 0.12))
    (fp_line (start 9.455 3.67) (end 12.47 3.67) (layer F.SilkS) (width 0.12))
    (fp_line (start 0.88 -8.67) (end 0.88 -5.871) (layer F.SilkS) (width 0.12))
    (fp_line (start 0.88 -4.129) (end 0.88 -3.37) (layer F.SilkS) (width 0.12))
    (fp_line (start 0.88 -1.629) (end 0.88 -0.87) (layer F.SilkS) (width 0.12))
    (fp_line (start 0.88 0.87) (end 0.88 3.67) (layer F.SilkS) (width 0.12))
    (fp_line (start 12.47 -8.67) (end 12.47 3.67) (layer F.SilkS) (width 0.12))
    (fp_line (start -1.15 -9.5) (end -1.15 4.5) (layer F.CrtYd) (width 0.05))
    (fp_line (start -1.15 4.5) (end 12.6 4.5) (layer F.CrtYd) (width 0.05))
    (fp_line (start 12.6 4.5) (end 12.6 -9.5) (layer F.CrtYd) (width 0.05))
    (fp_line (start 12.6 -9.5) (end -1.15 -9.5) (layer F.CrtYd) (width 0.05))
    (fp_text user %R (at 2 -2.5 -180) (layer F.Fab)
      (effects (font (size 0.5 0.5) (thickness 0.125)))
    )
    (pad 3 thru_hole circle (at 0 -5 90) (size 1.8 1.8) (drill 1) (layers *.Cu *.Mask)
      (net 33 /555PWMTremolo_Clock/CLK_OUT))
    (pad 2 thru_hole circle (at 0 -2.5 90) (size 1.8 1.8) (drill 1) (layers *.Cu *.Mask)
      (net 12 "Net-(P_DEPTH1-Pad2)"))
    (pad 1 thru_hole circle (at 0 0 90) (size 1.8 1.8) (drill 1) (layers *.Cu *.Mask)
      (net 13 "Net-(P_DEPTH1-Pad1)"))
    (pad "" np_thru_hole circle (at 7.5 -7.25 90) (size 4 4) (drill 2) (layers *.Cu *.Mask))
    (pad "" np_thru_hole circle (at 7.5 2.25 90) (size 4 4) (drill 2) (layers *.Cu *.Mask))
    (model ${KISYS3DMOD}/Potentiometer_THT.3dshapes/Potentiometer_Alps_RK09L_Single_Vertical.wrl
      (at (xyz 0 0 0))
      (scale (xyz 1 1 1))
      (rotate (xyz 0 0 0))
    )
    (model ${KIPRJMOD}/LIBS/3D/RK09L1140A5P/RK09L1140A5P.STEP
      (offset (xyz 7.5 2.5 6))
      (scale (xyz 1 1 1))
      (rotate (xyz -180 0 -90))
    )
  )

  (module Potentiometer_THT:Potentiometer_Alps_RK09L_Single_Vertical (layer F.Cu) (tedit 5BE4E681) (tstamp 5C2A2E8F)
    (at 92.71 97.79 270)
    (descr "Potentiometer, vertical, Alps RK09L Single, http://www.alps.com/prod/info/E/HTML/Potentiometer/RotaryPotentiometers/RK09L/RK09L_list.html")
    (tags "Potentiometer vertical Alps RK09L Single")
    (path /5BE216FA)
    (fp_text reference P_VOL1 (at -2.54 -2.54) (layer F.SilkS)
      (effects (font (size 0.5 0.5) (thickness 0.125)))
    )
    (fp_text value B10K (at 5.725 5.5 270) (layer F.Fab)
      (effects (font (size 0.5 0.5) (thickness 0.125)))
    )
    (fp_text user %R (at 2 -2.5) (layer F.Fab)
      (effects (font (size 0.5 0.5) (thickness 0.125)))
    )
    (fp_line (start 12.6 -9.5) (end -1.15 -9.5) (layer F.CrtYd) (width 0.05))
    (fp_line (start 12.6 4.5) (end 12.6 -9.5) (layer F.CrtYd) (width 0.05))
    (fp_line (start -1.15 4.5) (end 12.6 4.5) (layer F.CrtYd) (width 0.05))
    (fp_line (start -1.15 -9.5) (end -1.15 4.5) (layer F.CrtYd) (width 0.05))
    (fp_line (start 12.47 -8.67) (end 12.47 3.67) (layer F.SilkS) (width 0.12))
    (fp_line (start 0.88 0.87) (end 0.88 3.67) (layer F.SilkS) (width 0.12))
    (fp_line (start 0.88 -1.629) (end 0.88 -0.87) (layer F.SilkS) (width 0.12))
    (fp_line (start 0.88 -4.129) (end 0.88 -3.37) (layer F.SilkS) (width 0.12))
    (fp_line (start 0.88 -8.67) (end 0.88 -5.871) (layer F.SilkS) (width 0.12))
    (fp_line (start 9.455 3.67) (end 12.47 3.67) (layer F.SilkS) (width 0.12))
    (fp_line (start 0.88 3.67) (end 5.546 3.67) (layer F.SilkS) (width 0.12))
    (fp_line (start 9.455 -8.67) (end 12.47 -8.67) (layer F.SilkS) (width 0.12))
    (fp_line (start 0.88 -8.67) (end 5.546 -8.67) (layer F.SilkS) (width 0.12))
    (fp_line (start 12.35 -8.55) (end 1 -8.55) (layer F.Fab) (width 0.1))
    (fp_line (start 12.35 3.55) (end 12.35 -8.55) (layer F.Fab) (width 0.1))
    (fp_line (start 1 3.55) (end 12.35 3.55) (layer F.Fab) (width 0.1))
    (fp_line (start 1 -8.55) (end 1 3.55) (layer F.Fab) (width 0.1))
    (fp_circle (center 7.5 -2.5) (end 10.5 -2.5) (layer F.Fab) (width 0.1))
    (pad "" np_thru_hole circle (at 7.5 2.25 270) (size 4 4) (drill 2) (layers *.Cu *.Mask))
    (pad "" np_thru_hole circle (at 7.5 -7.25 270) (size 4 4) (drill 2) (layers *.Cu *.Mask))
    (pad 1 thru_hole circle (at 0 0 270) (size 1.8 1.8) (drill 1) (layers *.Cu *.Mask)
      (net 14 "Net-(P_VOL1-Pad1)"))
    (pad 2 thru_hole circle (at 0 -2.5 270) (size 1.8 1.8) (drill 1) (layers *.Cu *.Mask)
      (net 14 "Net-(P_VOL1-Pad1)"))
    (pad 3 thru_hole circle (at 0 -5 270) (size 1.8 1.8) (drill 1) (layers *.Cu *.Mask)
      (net 11 /3PDT_6_EXT))
    (model ${KISYS3DMOD}/Potentiometer_THT.3dshapes/Potentiometer_Alps_RK09L_Single_Vertical.wrl
      (at (xyz 0 0 0))
      (scale (xyz 1 1 1))
      (rotate (xyz 0 0 0))
    )
    (model ${KIPRJMOD}/LIBS/3D/RK09L1140A66/RK09L11-L125.STEP
      (offset (xyz 7.5 2.5 7.5))
      (scale (xyz 1 1 1))
      (rotate (xyz 180 0 -90))
    )
  )

  (module Resistor_SMD:R_0805_2012Metric_Pad1.15x1.40mm_HandSolder (layer F.Cu) (tedit 5B36C52B) (tstamp 5C2A2E54)
    (at 73.914 129.921 270)
    (descr "Resistor SMD 0805 (2012 Metric), square (rectangular) end terminal, IPC_7351 nominal with elongated pad for handsoldering. (Body size source: https://docs.google.com/spreadsheets/d/1BsfQQcO9C6DZCsRaXUlFlo91Tg2WpOkGARC1WS5S8t0/edit?usp=sharing), generated with kicad-footprint-generator")
    (tags "resistor handsolder")
    (path /5BE11469)
    (attr smd)
    (fp_text reference R1 (at -2.54 0) (layer F.SilkS)
      (effects (font (size 0.5 0.5) (thickness 0.125)))
    )
    (fp_text value 1K (at 0 1.65 270) (layer F.Fab)
      (effects (font (size 0.5 0.5) (thickness 0.125)))
    )
    (fp_text user %R (at 0 0 270) (layer F.Fab)
      (effects (font (size 0.5 0.5) (thickness 0.125)))
    )
    (fp_line (start 1.85 0.95) (end -1.85 0.95) (layer F.CrtYd) (width 0.05))
    (fp_line (start 1.85 -0.95) (end 1.85 0.95) (layer F.CrtYd) (width 0.05))
    (fp_line (start -1.85 -0.95) (end 1.85 -0.95) (layer F.CrtYd) (width 0.05))
    (fp_line (start -1.85 0.95) (end -1.85 -0.95) (layer F.CrtYd) (width 0.05))
    (fp_line (start -0.261252 0.71) (end 0.261252 0.71) (layer F.SilkS) (width 0.12))
    (fp_line (start -0.261252 -0.71) (end 0.261252 -0.71) (layer F.SilkS) (width 0.12))
    (fp_line (start 1 0.6) (end -1 0.6) (layer F.Fab) (width 0.1))
    (fp_line (start 1 -0.6) (end 1 0.6) (layer F.Fab) (width 0.1))
    (fp_line (start -1 -0.6) (end 1 -0.6) (layer F.Fab) (width 0.1))
    (fp_line (start -1 0.6) (end -1 -0.6) (layer F.Fab) (width 0.1))
    (pad 2 smd roundrect (at 1.025 0 270) (size 1.15 1.4) (layers F.Cu F.Paste F.Mask) (roundrect_rratio 0.217391)
      (net 37 /GND))
    (pad 1 smd roundrect (at -1.025 0 270) (size 1.15 1.4) (layers F.Cu F.Paste F.Mask) (roundrect_rratio 0.217391)
      (net 15 "Net-(R1-Pad1)"))
    (model ${KISYS3DMOD}/Resistor_SMD.3dshapes/R_0805_2012Metric.wrl
      (at (xyz 0 0 0))
      (scale (xyz 1 1 1))
      (rotate (xyz 0 0 0))
    )
  )

  (module Resistor_SMD:R_0805_2012Metric_Pad1.15x1.40mm_HandSolder (layer F.Cu) (tedit 5B36C52B) (tstamp 5C2A2DF4)
    (at 75.946 129.921 90)
    (descr "Resistor SMD 0805 (2012 Metric), square (rectangular) end terminal, IPC_7351 nominal with elongated pad for handsoldering. (Body size source: https://docs.google.com/spreadsheets/d/1BsfQQcO9C6DZCsRaXUlFlo91Tg2WpOkGARC1WS5S8t0/edit?usp=sharing), generated with kicad-footprint-generator")
    (tags "resistor handsolder")
    (path /5BE0FDA6)
    (attr smd)
    (fp_text reference R2 (at 2.54 0 180) (layer F.SilkS)
      (effects (font (size 0.5 0.5) (thickness 0.125)))
    )
    (fp_text value 330R (at 0 1.65 90) (layer F.Fab)
      (effects (font (size 0.5 0.5) (thickness 0.125)))
    )
    (fp_line (start -1 0.6) (end -1 -0.6) (layer F.Fab) (width 0.1))
    (fp_line (start -1 -0.6) (end 1 -0.6) (layer F.Fab) (width 0.1))
    (fp_line (start 1 -0.6) (end 1 0.6) (layer F.Fab) (width 0.1))
    (fp_line (start 1 0.6) (end -1 0.6) (layer F.Fab) (width 0.1))
    (fp_line (start -0.261252 -0.71) (end 0.261252 -0.71) (layer F.SilkS) (width 0.12))
    (fp_line (start -0.261252 0.71) (end 0.261252 0.71) (layer F.SilkS) (width 0.12))
    (fp_line (start -1.85 0.95) (end -1.85 -0.95) (layer F.CrtYd) (width 0.05))
    (fp_line (start -1.85 -0.95) (end 1.85 -0.95) (layer F.CrtYd) (width 0.05))
    (fp_line (start 1.85 -0.95) (end 1.85 0.95) (layer F.CrtYd) (width 0.05))
    (fp_line (start 1.85 0.95) (end -1.85 0.95) (layer F.CrtYd) (width 0.05))
    (fp_text user %R (at 0 0 90) (layer F.Fab)
      (effects (font (size 0.5 0.5) (thickness 0.125)))
    )
    (pad 1 smd roundrect (at -1.025 0 90) (size 1.15 1.4) (layers F.Cu F.Paste F.Mask) (roundrect_rratio 0.217391)
      (net 3 +5V))
    (pad 2 smd roundrect (at 1.025 0 90) (size 1.15 1.4) (layers F.Cu F.Paste F.Mask) (roundrect_rratio 0.217391)
      (net 15 "Net-(R1-Pad1)"))
    (model ${KISYS3DMOD}/Resistor_SMD.3dshapes/R_0805_2012Metric.wrl
      (at (xyz 0 0 0))
      (scale (xyz 1 1 1))
      (rotate (xyz 0 0 0))
    )
  )

  (module Resistor_SMD:R_0805_2012Metric_Pad1.15x1.40mm_HandSolder (layer F.Cu) (tedit 5B36C52B) (tstamp 5C2A2773)
    (at 74.1045 138.811 180)
    (descr "Resistor SMD 0805 (2012 Metric), square (rectangular) end terminal, IPC_7351 nominal with elongated pad for handsoldering. (Body size source: https://docs.google.com/spreadsheets/d/1BsfQQcO9C6DZCsRaXUlFlo91Tg2WpOkGARC1WS5S8t0/edit?usp=sharing), generated with kicad-footprint-generator")
    (tags "resistor handsolder")
    (path /5BE175D9)
    (attr smd)
    (fp_text reference R3 (at 2.54 0 180) (layer F.SilkS)
      (effects (font (size 0.5 0.5) (thickness 0.125)))
    )
    (fp_text value 1K (at 0 1.65 180) (layer F.Fab)
      (effects (font (size 0.5 0.5) (thickness 0.125)))
    )
    (fp_line (start -1 0.6) (end -1 -0.6) (layer F.Fab) (width 0.1))
    (fp_line (start -1 -0.6) (end 1 -0.6) (layer F.Fab) (width 0.1))
    (fp_line (start 1 -0.6) (end 1 0.6) (layer F.Fab) (width 0.1))
    (fp_line (start 1 0.6) (end -1 0.6) (layer F.Fab) (width 0.1))
    (fp_line (start -0.261252 -0.71) (end 0.261252 -0.71) (layer F.SilkS) (width 0.12))
    (fp_line (start -0.261252 0.71) (end 0.261252 0.71) (layer F.SilkS) (width 0.12))
    (fp_line (start -1.85 0.95) (end -1.85 -0.95) (layer F.CrtYd) (width 0.05))
    (fp_line (start -1.85 -0.95) (end 1.85 -0.95) (layer F.CrtYd) (width 0.05))
    (fp_line (start 1.85 -0.95) (end 1.85 0.95) (layer F.CrtYd) (width 0.05))
    (fp_line (start 1.85 0.95) (end -1.85 0.95) (layer F.CrtYd) (width 0.05))
    (fp_text user %R (at 0 0 180) (layer F.Fab)
      (effects (font (size 0.5 0.5) (thickness 0.125)))
    )
    (pad 1 smd roundrect (at -1.025 0 180) (size 1.15 1.4) (layers F.Cu F.Paste F.Mask) (roundrect_rratio 0.217391)
      (net 16 "Net-(R3-Pad1)"))
    (pad 2 smd roundrect (at 1.025 0 180) (size 1.15 1.4) (layers F.Cu F.Paste F.Mask) (roundrect_rratio 0.217391)
      (net 37 /GND))
    (model ${KISYS3DMOD}/Resistor_SMD.3dshapes/R_0805_2012Metric.wrl
      (at (xyz 0 0 0))
      (scale (xyz 1 1 1))
      (rotate (xyz 0 0 0))
    )
  )

  (module Resistor_SMD:R_0805_2012Metric_Pad1.15x1.40mm_HandSolder (layer F.Cu) (tedit 5B36C52B) (tstamp 5C2A2998)
    (at 74.1045 143.891)
    (descr "Resistor SMD 0805 (2012 Metric), square (rectangular) end terminal, IPC_7351 nominal with elongated pad for handsoldering. (Body size source: https://docs.google.com/spreadsheets/d/1BsfQQcO9C6DZCsRaXUlFlo91Tg2WpOkGARC1WS5S8t0/edit?usp=sharing), generated with kicad-footprint-generator")
    (tags "resistor handsolder")
    (path /5BE144F3)
    (attr smd)
    (fp_text reference R4 (at -2.54 0) (layer F.SilkS)
      (effects (font (size 0.5 0.5) (thickness 0.125)))
    )
    (fp_text value 270R (at 0 1.65) (layer F.Fab)
      (effects (font (size 0.5 0.5) (thickness 0.125)))
    )
    (fp_line (start -1 0.6) (end -1 -0.6) (layer F.Fab) (width 0.1))
    (fp_line (start -1 -0.6) (end 1 -0.6) (layer F.Fab) (width 0.1))
    (fp_line (start 1 -0.6) (end 1 0.6) (layer F.Fab) (width 0.1))
    (fp_line (start 1 0.6) (end -1 0.6) (layer F.Fab) (width 0.1))
    (fp_line (start -0.261252 -0.71) (end 0.261252 -0.71) (layer F.SilkS) (width 0.12))
    (fp_line (start -0.261252 0.71) (end 0.261252 0.71) (layer F.SilkS) (width 0.12))
